l1cache.default_stat : Accumulator : SimTime = 5971580000; Rank = 0; Sum.u64 = 0; SumSQ.u64 = 0; Count.u64 = 0; Min.u64 = 0; Max.u64 = 0; 
l1cache.stateEvent_GetS_I : Accumulator : SimTime = 5971580000; Rank = 0; Sum.u64 = 74722; SumSQ.u64 = 74722; Count.u64 = 74722; Min.u64 = 1; Max.u64 = 1; 
l1cache.stateEvent_GetS_S : Accumulator : SimTime = 5971580000; Rank = 0; Sum.u64 = 0; SumSQ.u64 = 0; Count.u64 = 0; Min.u64 = 0; Max.u64 = 0; 
l1cache.stateEvent_GetS_M : Accumulator : SimTime = 5971580000; Rank = 0; Sum.u64 = 0; SumSQ.u64 = 0; Count.u64 = 0; Min.u64 = 0; Max.u64 = 0; 
l1cache.stateEvent_GetX_I : Accumulator : SimTime = 5971580000; Rank = 0; Sum.u64 = 0; SumSQ.u64 = 0; Count.u64 = 0; Min.u64 = 0; Max.u64 = 0; 
l1cache.stateEvent_GetX_S : Accumulator : SimTime = 5971580000; Rank = 0; Sum.u64 = 0; SumSQ.u64 = 0; Count.u64 = 0; Min.u64 = 0; Max.u64 = 0; 
l1cache.stateEvent_GetX_M : Accumulator : SimTime = 5971580000; Rank = 0; Sum.u64 = 0; SumSQ.u64 = 0; Count.u64 = 0; Min.u64 = 0; Max.u64 = 0; 
l1cache.stateEvent_GetSX_I : Accumulator : SimTime = 5971580000; Rank = 0; Sum.u64 = 0; SumSQ.u64 = 0; Count.u64 = 0; Min.u64 = 0; Max.u64 = 0; 
l1cache.stateEvent_GetSX_S : Accumulator : SimTime = 5971580000; Rank = 0; Sum.u64 = 0; SumSQ.u64 = 0; Count.u64 = 0; Min.u64 = 0; Max.u64 = 0; 
l1cache.stateEvent_GetSX_M : Accumulator : SimTime = 5971580000; Rank = 0; Sum.u64 = 0; SumSQ.u64 = 0; Count.u64 = 0; Min.u64 = 0; Max.u64 = 0; 
l1cache.stateEvent_GetSResp_IS : Accumulator : SimTime = 5971580000; Rank = 0; Sum.u64 = 0; SumSQ.u64 = 0; Count.u64 = 0; Min.u64 = 0; Max.u64 = 0; 
l1cache.stateEvent_GetXResp_IS : Accumulator : SimTime = 5971580000; Rank = 0; Sum.u64 = 74722; SumSQ.u64 = 74722; Count.u64 = 74722; Min.u64 = 1; Max.u64 = 1; 
l1cache.stateEvent_GetXResp_IM : Accumulator : SimTime = 5971580000; Rank = 0; Sum.u64 = 0; SumSQ.u64 = 0; Count.u64 = 0; Min.u64 = 0; Max.u64 = 0; 
l1cache.stateEvent_GetXResp_SM : Accumulator : SimTime = 5971580000; Rank = 0; Sum.u64 = 0; SumSQ.u64 = 0; Count.u64 = 0; Min.u64 = 0; Max.u64 = 0; 
l1cache.stateEvent_Inv_I : Accumulator : SimTime = 5971580000; Rank = 0; Sum.u64 = 0; SumSQ.u64 = 0; Count.u64 = 0; Min.u64 = 0; Max.u64 = 0; 
l1cache.stateEvent_Inv_S : Accumulator : SimTime = 5971580000; Rank = 0; Sum.u64 = 0; SumSQ.u64 = 0; Count.u64 = 0; Min.u64 = 0; Max.u64 = 0; 
l1cache.stateEvent_Inv_IS : Accumulator : SimTime = 5971580000; Rank = 0; Sum.u64 = 0; SumSQ.u64 = 0; Count.u64 = 0; Min.u64 = 0; Max.u64 = 0; 
l1cache.stateEvent_Inv_IM : Accumulator : SimTime = 5971580000; Rank = 0; Sum.u64 = 0; SumSQ.u64 = 0; Count.u64 = 0; Min.u64 = 0; Max.u64 = 0; 
l1cache.stateEvent_Inv_SM : Accumulator : SimTime = 5971580000; Rank = 0; Sum.u64 = 0; SumSQ.u64 = 0; Count.u64 = 0; Min.u64 = 0; Max.u64 = 0; 
l1cache.stateEvent_Inv_SB : Accumulator : SimTime = 5971580000; Rank = 0; Sum.u64 = 0; SumSQ.u64 = 0; Count.u64 = 0; Min.u64 = 0; Max.u64 = 0; 
l1cache.stateEvent_Inv_IB : Accumulator : SimTime = 5971580000; Rank = 0; Sum.u64 = 0; SumSQ.u64 = 0; Count.u64 = 0; Min.u64 = 0; Max.u64 = 0; 
l1cache.stateEvent_FetchInvX_I : Accumulator : SimTime = 5971580000; Rank = 0; Sum.u64 = 0; SumSQ.u64 = 0; Count.u64 = 0; Min.u64 = 0; Max.u64 = 0; 
l1cache.stateEvent_FetchInvX_M : Accumulator : SimTime = 5971580000; Rank = 0; Sum.u64 = 0; SumSQ.u64 = 0; Count.u64 = 0; Min.u64 = 0; Max.u64 = 0; 
l1cache.stateEvent_FetchInvX_IS : Accumulator : SimTime = 5971580000; Rank = 0; Sum.u64 = 0; SumSQ.u64 = 0; Count.u64 = 0; Min.u64 = 0; Max.u64 = 0; 
l1cache.stateEvent_FetchInvX_IM : Accumulator : SimTime = 5971580000; Rank = 0; Sum.u64 = 0; SumSQ.u64 = 0; Count.u64 = 0; Min.u64 = 0; Max.u64 = 0; 
l1cache.stateEvent_FetchInvX_SB : Accumulator : SimTime = 5971580000; Rank = 0; Sum.u64 = 0; SumSQ.u64 = 0; Count.u64 = 0; Min.u64 = 0; Max.u64 = 0; 
l1cache.stateEvent_FetchInvX_IB : Accumulator : SimTime = 5971580000; Rank = 0; Sum.u64 = 0; SumSQ.u64 = 0; Count.u64 = 0; Min.u64 = 0; Max.u64 = 0; 
l1cache.stateEvent_Fetch_I : Accumulator : SimTime = 5971580000; Rank = 0; Sum.u64 = 0; SumSQ.u64 = 0; Count.u64 = 0; Min.u64 = 0; Max.u64 = 0; 
l1cache.stateEvent_Fetch_S : Accumulator : SimTime = 5971580000; Rank = 0; Sum.u64 = 0; SumSQ.u64 = 0; Count.u64 = 0; Min.u64 = 0; Max.u64 = 0; 
l1cache.stateEvent_Fetch_IS : Accumulator : SimTime = 5971580000; Rank = 0; Sum.u64 = 0; SumSQ.u64 = 0; Count.u64 = 0; Min.u64 = 0; Max.u64 = 0; 
l1cache.stateEvent_Fetch_IM : Accumulator : SimTime = 5971580000; Rank = 0; Sum.u64 = 0; SumSQ.u64 = 0; Count.u64 = 0; Min.u64 = 0; Max.u64 = 0; 
l1cache.stateEvent_Fetch_SM : Accumulator : SimTime = 5971580000; Rank = 0; Sum.u64 = 0; SumSQ.u64 = 0; Count.u64 = 0; Min.u64 = 0; Max.u64 = 0; 
l1cache.stateEvent_Fetch_IB : Accumulator : SimTime = 5971580000; Rank = 0; Sum.u64 = 0; SumSQ.u64 = 0; Count.u64 = 0; Min.u64 = 0; Max.u64 = 0; 
l1cache.stateEvent_Fetch_SB : Accumulator : SimTime = 5971580000; Rank = 0; Sum.u64 = 0; SumSQ.u64 = 0; Count.u64 = 0; Min.u64 = 0; Max.u64 = 0; 
l1cache.stateEvent_FetchInv_I : Accumulator : SimTime = 5971580000; Rank = 0; Sum.u64 = 0; SumSQ.u64 = 0; Count.u64 = 0; Min.u64 = 0; Max.u64 = 0; 
l1cache.stateEvent_FetchInv_S : Accumulator : SimTime = 5971580000; Rank = 0; Sum.u64 = 0; SumSQ.u64 = 0; Count.u64 = 0; Min.u64 = 0; Max.u64 = 0; 
l1cache.stateEvent_FetchInv_M : Accumulator : SimTime = 5971580000; Rank = 0; Sum.u64 = 0; SumSQ.u64 = 0; Count.u64 = 0; Min.u64 = 0; Max.u64 = 0; 
l1cache.stateEvent_FetchInv_IS : Accumulator : SimTime = 5971580000; Rank = 0; Sum.u64 = 0; SumSQ.u64 = 0; Count.u64 = 0; Min.u64 = 0; Max.u64 = 0; 
l1cache.stateEvent_FetchInv_IM : Accumulator : SimTime = 5971580000; Rank = 0; Sum.u64 = 0; SumSQ.u64 = 0; Count.u64 = 0; Min.u64 = 0; Max.u64 = 0; 
l1cache.stateEvent_FetchInv_SM : Accumulator : SimTime = 5971580000; Rank = 0; Sum.u64 = 0; SumSQ.u64 = 0; Count.u64 = 0; Min.u64 = 0; Max.u64 = 0; 
l1cache.stateEvent_FetchInv_SB : Accumulator : SimTime = 5971580000; Rank = 0; Sum.u64 = 0; SumSQ.u64 = 0; Count.u64 = 0; Min.u64 = 0; Max.u64 = 0; 
l1cache.stateEvent_FetchInv_IB : Accumulator : SimTime = 5971580000; Rank = 0; Sum.u64 = 0; SumSQ.u64 = 0; Count.u64 = 0; Min.u64 = 0; Max.u64 = 0; 
l1cache.stateEvent_ForceInv_I : Accumulator : SimTime = 5971580000; Rank = 0; Sum.u64 = 0; SumSQ.u64 = 0; Count.u64 = 0; Min.u64 = 0; Max.u64 = 0; 
l1cache.stateEvent_ForceInv_S : Accumulator : SimTime = 5971580000; Rank = 0; Sum.u64 = 0; SumSQ.u64 = 0; Count.u64 = 0; Min.u64 = 0; Max.u64 = 0; 
l1cache.stateEvent_ForceInv_M : Accumulator : SimTime = 5971580000; Rank = 0; Sum.u64 = 0; SumSQ.u64 = 0; Count.u64 = 0; Min.u64 = 0; Max.u64 = 0; 
l1cache.stateEvent_ForceInv_IS : Accumulator : SimTime = 5971580000; Rank = 0; Sum.u64 = 0; SumSQ.u64 = 0; Count.u64 = 0; Min.u64 = 0; Max.u64 = 0; 
l1cache.stateEvent_ForceInv_IM : Accumulator : SimTime = 5971580000; Rank = 0; Sum.u64 = 0; SumSQ.u64 = 0; Count.u64 = 0; Min.u64 = 0; Max.u64 = 0; 
l1cache.stateEvent_ForceInv_SM : Accumulator : SimTime = 5971580000; Rank = 0; Sum.u64 = 0; SumSQ.u64 = 0; Count.u64 = 0; Min.u64 = 0; Max.u64 = 0; 
l1cache.stateEvent_ForceInv_SB : Accumulator : SimTime = 5971580000; Rank = 0; Sum.u64 = 0; SumSQ.u64 = 0; Count.u64 = 0; Min.u64 = 0; Max.u64 = 0; 
l1cache.stateEvent_ForceInv_IB : Accumulator : SimTime = 5971580000; Rank = 0; Sum.u64 = 0; SumSQ.u64 = 0; Count.u64 = 0; Min.u64 = 0; Max.u64 = 0; 
l1cache.stateEvent_FlushLine_I : Accumulator : SimTime = 5971580000; Rank = 0; Sum.u64 = 0; SumSQ.u64 = 0; Count.u64 = 0; Min.u64 = 0; Max.u64 = 0; 
l1cache.stateEvent_FlushLine_S : Accumulator : SimTime = 5971580000; Rank = 0; Sum.u64 = 0; SumSQ.u64 = 0; Count.u64 = 0; Min.u64 = 0; Max.u64 = 0; 
l1cache.stateEvent_FlushLine_M : Accumulator : SimTime = 5971580000; Rank = 0; Sum.u64 = 0; SumSQ.u64 = 0; Count.u64 = 0; Min.u64 = 0; Max.u64 = 0; 
l1cache.stateEvent_FlushLineInv_I : Accumulator : SimTime = 5971580000; Rank = 0; Sum.u64 = 0; SumSQ.u64 = 0; Count.u64 = 0; Min.u64 = 0; Max.u64 = 0; 
l1cache.stateEvent_FlushLineInv_S : Accumulator : SimTime = 5971580000; Rank = 0; Sum.u64 = 0; SumSQ.u64 = 0; Count.u64 = 0; Min.u64 = 0; Max.u64 = 0; 
l1cache.stateEvent_FlushLineInv_M : Accumulator : SimTime = 5971580000; Rank = 0; Sum.u64 = 0; SumSQ.u64 = 0; Count.u64 = 0; Min.u64 = 0; Max.u64 = 0; 
l1cache.stateEvent_FlushLineResp_I : Accumulator : SimTime = 5971580000; Rank = 0; Sum.u64 = 0; SumSQ.u64 = 0; Count.u64 = 0; Min.u64 = 0; Max.u64 = 0; 
l1cache.stateEvent_FlushLineResp_IB : Accumulator : SimTime = 5971580000; Rank = 0; Sum.u64 = 0; SumSQ.u64 = 0; Count.u64 = 0; Min.u64 = 0; Max.u64 = 0; 
l1cache.stateEvent_FlushLineResp_SB : Accumulator : SimTime = 5971580000; Rank = 0; Sum.u64 = 0; SumSQ.u64 = 0; Count.u64 = 0; Min.u64 = 0; Max.u64 = 0; 
l1cache.eventSent_GetS : Accumulator : SimTime = 5971580000; Rank = 0; Sum.u64 = 74722; SumSQ.u64 = 74722; Count.u64 = 74722; Min.u64 = 1; Max.u64 = 1; 
l1cache.eventSent_GetX : Accumulator : SimTime = 5971580000; Rank = 0; Sum.u64 = 0; SumSQ.u64 = 0; Count.u64 = 0; Min.u64 = 0; Max.u64 = 0; 
l1cache.eventSent_GetSX : Accumulator : SimTime = 5971580000; Rank = 0; Sum.u64 = 0; SumSQ.u64 = 0; Count.u64 = 0; Min.u64 = 0; Max.u64 = 0; 
l1cache.eventSent_PutM : Accumulator : SimTime = 5971580000; Rank = 0; Sum.u64 = 0; SumSQ.u64 = 0; Count.u64 = 0; Min.u64 = 0; Max.u64 = 0; 
l1cache.eventSent_NACK : Accumulator : SimTime = 5971580000; Rank = 0; Sum.u64 = 0; SumSQ.u64 = 0; Count.u64 = 0; Min.u64 = 0; Max.u64 = 0; 
l1cache.eventSent_FlushLine : Accumulator : SimTime = 5971580000; Rank = 0; Sum.u64 = 0; SumSQ.u64 = 0; Count.u64 = 0; Min.u64 = 0; Max.u64 = 0; 
l1cache.eventSent_FlushLineInv : Accumulator : SimTime = 5971580000; Rank = 0; Sum.u64 = 0; SumSQ.u64 = 0; Count.u64 = 0; Min.u64 = 0; Max.u64 = 0; 
l1cache.eventSent_FetchResp : Accumulator : SimTime = 5971580000; Rank = 0; Sum.u64 = 0; SumSQ.u64 = 0; Count.u64 = 0; Min.u64 = 0; Max.u64 = 0; 
l1cache.eventSent_FetchXResp : Accumulator : SimTime = 5971580000; Rank = 0; Sum.u64 = 0; SumSQ.u64 = 0; Count.u64 = 0; Min.u64 = 0; Max.u64 = 0; 
l1cache.eventSent_AckInv : Accumulator : SimTime = 5971580000; Rank = 0; Sum.u64 = 0; SumSQ.u64 = 0; Count.u64 = 0; Min.u64 = 0; Max.u64 = 0; 
l1cache.eventSent_GetSResp : Accumulator : SimTime = 5971580000; Rank = 0; Sum.u64 = 4683794; SumSQ.u64 = 4683794; Count.u64 = 4683794; Min.u64 = 1; Max.u64 = 1; 
l1cache.eventSent_GetXResp : Accumulator : SimTime = 5971580000; Rank = 0; Sum.u64 = 0; SumSQ.u64 = 0; Count.u64 = 0; Min.u64 = 0; Max.u64 = 0; 
l1cache.eventSent_FlushLineResp : Accumulator : SimTime = 5971580000; Rank = 0; Sum.u64 = 0; SumSQ.u64 = 0; Count.u64 = 0; Min.u64 = 0; Max.u64 = 0; 
l1cache.eventSent_Put : Accumulator : SimTime = 5971580000; Rank = 0; Sum.u64 = 0; SumSQ.u64 = 0; Count.u64 = 0; Min.u64 = 0; Max.u64 = 0; 
l1cache.eventSent_Get : Accumulator : SimTime = 5971580000; Rank = 0; Sum.u64 = 0; SumSQ.u64 = 0; Count.u64 = 0; Min.u64 = 0; Max.u64 = 0; 
l1cache.eventSent_AckMove : Accumulator : SimTime = 5971580000; Rank = 0; Sum.u64 = 0; SumSQ.u64 = 0; Count.u64 = 0; Min.u64 = 0; Max.u64 = 0; 
l1cache.eventSent_CustomReq : Accumulator : SimTime = 5971580000; Rank = 0; Sum.u64 = 0; SumSQ.u64 = 0; Count.u64 = 0; Min.u64 = 0; Max.u64 = 0; 
l1cache.eventSent_CustomResp : Accumulator : SimTime = 5971580000; Rank = 0; Sum.u64 = 0; SumSQ.u64 = 0; Count.u64 = 0; Min.u64 = 0; Max.u64 = 0; 
l1cache.eventSent_CustomAck : Accumulator : SimTime = 5971580000; Rank = 0; Sum.u64 = 0; SumSQ.u64 = 0; Count.u64 = 0; Min.u64 = 0; Max.u64 = 0; 
l1cache.EventStalledForLockedCacheline : Accumulator : SimTime = 5971580000; Rank = 0; Sum.u64 = 0; SumSQ.u64 = 0; Count.u64 = 0; Min.u64 = 0; Max.u64 = 0; 
l1cache.evict_I : Accumulator : SimTime = 5971580000; Rank = 0; Sum.u64 = 8191; SumSQ.u64 = 8191; Count.u64 = 8191; Min.u64 = 1; Max.u64 = 1; 
l1cache.evict_S : Accumulator : SimTime = 5971580000; Rank = 0; Sum.u64 = 0; SumSQ.u64 = 0; Count.u64 = 0; Min.u64 = 0; Max.u64 = 0; 
l1cache.evict_M : Accumulator : SimTime = 5971580000; Rank = 0; Sum.u64 = 0; SumSQ.u64 = 0; Count.u64 = 0; Min.u64 = 0; Max.u64 = 0; 
l1cache.evict_IS : Accumulator : SimTime = 5971580000; Rank = 0; Sum.u64 = 0; SumSQ.u64 = 0; Count.u64 = 0; Min.u64 = 0; Max.u64 = 0; 
l1cache.evict_IM : Accumulator : SimTime = 5971580000; Rank = 0; Sum.u64 = 0; SumSQ.u64 = 0; Count.u64 = 0; Min.u64 = 0; Max.u64 = 0; 
l1cache.evict_SM : Accumulator : SimTime = 5971580000; Rank = 0; Sum.u64 = 0; SumSQ.u64 = 0; Count.u64 = 0; Min.u64 = 0; Max.u64 = 0; 
l1cache.evict_SB : Accumulator : SimTime = 5971580000; Rank = 0; Sum.u64 = 0; SumSQ.u64 = 0; Count.u64 = 0; Min.u64 = 0; Max.u64 = 0; 
l1cache.latency_GetS_hit : Accumulator : SimTime = 5971580000; Rank = 0; Sum.u64 = 11370551; SumSQ.u64 = 39076557; Count.u64 = 4609072; Min.u64 = 2; Max.u64 = 205; 
l1cache.latency_GetS_miss : Accumulator : SimTime = 5971580000; Rank = 0; Sum.u64 = 6503018; SumSQ.u64 = 566457718; Count.u64 = 74722; Min.u64 = 86; Max.u64 = 206; 
l1cache.latency_GetX_hit : Accumulator : SimTime = 5971580000; Rank = 0; Sum.u64 = 0; SumSQ.u64 = 0; Count.u64 = 0; Min.u64 = 0; Max.u64 = 0; 
l1cache.latency_GetX_miss : Accumulator : SimTime = 5971580000; Rank = 0; Sum.u64 = 0; SumSQ.u64 = 0; Count.u64 = 0; Min.u64 = 0; Max.u64 = 0; 
l1cache.latency_GetX_upgrade : Accumulator : SimTime = 5971580000; Rank = 0; Sum.u64 = 0; SumSQ.u64 = 0; Count.u64 = 0; Min.u64 = 0; Max.u64 = 0; 
l1cache.latency_GetSX_hit : Accumulator : SimTime = 5971580000; Rank = 0; Sum.u64 = 0; SumSQ.u64 = 0; Count.u64 = 0; Min.u64 = 0; Max.u64 = 0; 
l1cache.latency_GetSX_miss : Accumulator : SimTime = 5971580000; Rank = 0; Sum.u64 = 0; SumSQ.u64 = 0; Count.u64 = 0; Min.u64 = 0; Max.u64 = 0; 
l1cache.latency_GetSX_upgrade : Accumulator : SimTime = 5971580000; Rank = 0; Sum.u64 = 0; SumSQ.u64 = 0; Count.u64 = 0; Min.u64 = 0; Max.u64 = 0; 
l1cache.latency_FlushLine : Accumulator : SimTime = 5971580000; Rank = 0; Sum.u64 = 0; SumSQ.u64 = 0; Count.u64 = 0; Min.u64 = 0; Max.u64 = 0; 
l1cache.latency_FlushLine_fail : Accumulator : SimTime = 5971580000; Rank = 0; Sum.u64 = 0; SumSQ.u64 = 0; Count.u64 = 0; Min.u64 = 0; Max.u64 = 0; 
l1cache.latency_FlushLineInv : Accumulator : SimTime = 5971580000; Rank = 0; Sum.u64 = 0; SumSQ.u64 = 0; Count.u64 = 0; Min.u64 = 0; Max.u64 = 0; 
l1cache.latency_FlushLineInv_fail : Accumulator : SimTime = 5971580000; Rank = 0; Sum.u64 = 0; SumSQ.u64 = 0; Count.u64 = 0; Min.u64 = 0; Max.u64 = 0; 
l1cache.GetSHit_Arrival : Accumulator : SimTime = 5971580000; Rank = 0; Sum.u64 = 4608158; SumSQ.u64 = 4608158; Count.u64 = 4608158; Min.u64 = 1; Max.u64 = 1; 
l1cache.GetXHit_Arrival : Accumulator : SimTime = 5971580000; Rank = 0; Sum.u64 = 0; SumSQ.u64 = 0; Count.u64 = 0; Min.u64 = 0; Max.u64 = 0; 
l1cache.GetSXHit_Arrival : Accumulator : SimTime = 5971580000; Rank = 0; Sum.u64 = 0; SumSQ.u64 = 0; Count.u64 = 0; Min.u64 = 0; Max.u64 = 0; 
l1cache.GetSHit_Blocked : Accumulator : SimTime = 5971580000; Rank = 0; Sum.u64 = 914; SumSQ.u64 = 914; Count.u64 = 914; Min.u64 = 1; Max.u64 = 1; 
l1cache.GetXHit_Blocked : Accumulator : SimTime = 5971580000; Rank = 0; Sum.u64 = 0; SumSQ.u64 = 0; Count.u64 = 0; Min.u64 = 0; Max.u64 = 0; 
l1cache.GetSXHit_Blocked : Accumulator : SimTime = 5971580000; Rank = 0; Sum.u64 = 0; SumSQ.u64 = 0; Count.u64 = 0; Min.u64 = 0; Max.u64 = 0; 
l1cache.GetSMiss_Arrival : Accumulator : SimTime = 5971580000; Rank = 0; Sum.u64 = 74722; SumSQ.u64 = 74722; Count.u64 = 74722; Min.u64 = 1; Max.u64 = 1; 
l1cache.GetXMiss_Arrival : Accumulator : SimTime = 5971580000; Rank = 0; Sum.u64 = 0; SumSQ.u64 = 0; Count.u64 = 0; Min.u64 = 0; Max.u64 = 0; 
l1cache.GetSXMiss_Arrival : Accumulator : SimTime = 5971580000; Rank = 0; Sum.u64 = 0; SumSQ.u64 = 0; Count.u64 = 0; Min.u64 = 0; Max.u64 = 0; 
l1cache.GetSMiss_Blocked : Accumulator : SimTime = 5971580000; Rank = 0; Sum.u64 = 0; SumSQ.u64 = 0; Count.u64 = 0; Min.u64 = 0; Max.u64 = 0; 
l1cache.GetXMiss_Blocked : Accumulator : SimTime = 5971580000; Rank = 0; Sum.u64 = 0; SumSQ.u64 = 0; Count.u64 = 0; Min.u64 = 0; Max.u64 = 0; 
l1cache.GetSXMiss_Blocked : Accumulator : SimTime = 5971580000; Rank = 0; Sum.u64 = 0; SumSQ.u64 = 0; Count.u64 = 0; Min.u64 = 0; Max.u64 = 0; 
l1cache.CacheHits : Accumulator : SimTime = 5971580000; Rank = 0; Sum.u64 = 4609072; SumSQ.u64 = 4609072; Count.u64 = 4609072; Min.u64 = 1; Max.u64 = 1; 
l1cache.CacheMisses : Accumulator : SimTime = 5971580000; Rank = 0; Sum.u64 = 74722; SumSQ.u64 = 74722; Count.u64 = 74722; Min.u64 = 1; Max.u64 = 1; 
l1cache.stateEvent_AckPut_I : Accumulator : SimTime = 5971580000; Rank = 0; Sum.u64 = 0; SumSQ.u64 = 0; Count.u64 = 0; Min.u64 = 0; Max.u64 = 0; 
l1cache.eventSent_PutS : Accumulator : SimTime = 5971580000; Rank = 0; Sum.u64 = 0; SumSQ.u64 = 0; Count.u64 = 0; Min.u64 = 0; Max.u64 = 0; 
l1cache.eventSent_PutE : Accumulator : SimTime = 5971580000; Rank = 0; Sum.u64 = 0; SumSQ.u64 = 0; Count.u64 = 0; Min.u64 = 0; Max.u64 = 0; 
l1cache.stateEvent_GetS_E : Accumulator : SimTime = 5971580000; Rank = 0; Sum.u64 = 4609072; SumSQ.u64 = 4609072; Count.u64 = 4609072; Min.u64 = 1; Max.u64 = 1; 
l1cache.stateEvent_GetX_E : Accumulator : SimTime = 5971580000; Rank = 0; Sum.u64 = 0; SumSQ.u64 = 0; Count.u64 = 0; Min.u64 = 0; Max.u64 = 0; 
l1cache.stateEvent_GetSX_E : Accumulator : SimTime = 5971580000; Rank = 0; Sum.u64 = 0; SumSQ.u64 = 0; Count.u64 = 0; Min.u64 = 0; Max.u64 = 0; 
l1cache.stateEvent_FlushLine_E : Accumulator : SimTime = 5971580000; Rank = 0; Sum.u64 = 0; SumSQ.u64 = 0; Count.u64 = 0; Min.u64 = 0; Max.u64 = 0; 
l1cache.stateEvent_FlushLineInv_E : Accumulator : SimTime = 5971580000; Rank = 0; Sum.u64 = 0; SumSQ.u64 = 0; Count.u64 = 0; Min.u64 = 0; Max.u64 = 0; 
l1cache.stateEvent_FetchInv_E : Accumulator : SimTime = 5971580000; Rank = 0; Sum.u64 = 0; SumSQ.u64 = 0; Count.u64 = 0; Min.u64 = 0; Max.u64 = 0; 
l1cache.stateEvent_ForceInv_E : Accumulator : SimTime = 5971580000; Rank = 0; Sum.u64 = 0; SumSQ.u64 = 0; Count.u64 = 0; Min.u64 = 0; Max.u64 = 0; 
l1cache.stateEvent_FetchInvX_E : Accumulator : SimTime = 5971580000; Rank = 0; Sum.u64 = 0; SumSQ.u64 = 0; Count.u64 = 0; Min.u64 = 0; Max.u64 = 0; 
l1cache.evict_E : Accumulator : SimTime = 5971580000; Rank = 0; Sum.u64 = 66530; SumSQ.u64 = 66530; Count.u64 = 66530; Min.u64 = 1; Max.u64 = 1; 
l1cache.TotalEventsReceived : Accumulator : SimTime = 5971580000; Rank = 0; Sum.u64 = 4758516; SumSQ.u64 = 4758516; Count.u64 = 4758516; Min.u64 = 1; Max.u64 = 1; 
l1cache.TotalEventsReplayed : Accumulator : SimTime = 5971580000; Rank = 0; Sum.u64 = 914; SumSQ.u64 = 914; Count.u64 = 914; Min.u64 = 1; Max.u64 = 1; 
l1cache.Put_uncache_recv : Accumulator : SimTime = 5971580000; Rank = 0; Sum.u64 = 0; SumSQ.u64 = 0; Count.u64 = 0; Min.u64 = 0; Max.u64 = 0; 
l1cache.Get_uncache_recv : Accumulator : SimTime = 5971580000; Rank = 0; Sum.u64 = 0; SumSQ.u64 = 0; Count.u64 = 0; Min.u64 = 0; Max.u64 = 0; 
l1cache.AckMove_uncache_recv : Accumulator : SimTime = 5971580000; Rank = 0; Sum.u64 = 0; SumSQ.u64 = 0; Count.u64 = 0; Min.u64 = 0; Max.u64 = 0; 
l1cache.GetS_uncache_recv : Accumulator : SimTime = 5971580000; Rank = 0; Sum.u64 = 0; SumSQ.u64 = 0; Count.u64 = 0; Min.u64 = 0; Max.u64 = 0; 
l1cache.GetX_uncache_recv : Accumulator : SimTime = 5971580000; Rank = 0; Sum.u64 = 0; SumSQ.u64 = 0; Count.u64 = 0; Min.u64 = 0; Max.u64 = 0; 
l1cache.GetSX_uncache_recv : Accumulator : SimTime = 5971580000; Rank = 0; Sum.u64 = 0; SumSQ.u64 = 0; Count.u64 = 0; Min.u64 = 0; Max.u64 = 0; 
l1cache.GetSResp_uncache_recv : Accumulator : SimTime = 5971580000; Rank = 0; Sum.u64 = 0; SumSQ.u64 = 0; Count.u64 = 0; Min.u64 = 0; Max.u64 = 0; 
l1cache.GetXResp_uncache_recv : Accumulator : SimTime = 5971580000; Rank = 0; Sum.u64 = 0; SumSQ.u64 = 0; Count.u64 = 0; Min.u64 = 0; Max.u64 = 0; 
l1cache.CustomReq_uncache_recv : Accumulator : SimTime = 5971580000; Rank = 0; Sum.u64 = 0; SumSQ.u64 = 0; Count.u64 = 0; Min.u64 = 0; Max.u64 = 0; 
l1cache.CustomResp_uncache_recv : Accumulator : SimTime = 5971580000; Rank = 0; Sum.u64 = 0; SumSQ.u64 = 0; Count.u64 = 0; Min.u64 = 0; Max.u64 = 0; 
l1cache.CustomAck_uncache_recv : Accumulator : SimTime = 5971580000; Rank = 0; Sum.u64 = 0; SumSQ.u64 = 0; Count.u64 = 0; Min.u64 = 0; Max.u64 = 0; 
l1cache.NULLCMD_recv : Accumulator : SimTime = 5971580000; Rank = 0; Sum.u64 = 0; SumSQ.u64 = 0; Count.u64 = 0; Min.u64 = 0; Max.u64 = 0; 
l1cache.GetS_recv : Accumulator : SimTime = 5971580000; Rank = 0; Sum.u64 = 4683794; SumSQ.u64 = 4683794; Count.u64 = 4683794; Min.u64 = 1; Max.u64 = 1; 
l1cache.GetX_recv : Accumulator : SimTime = 5971580000; Rank = 0; Sum.u64 = 0; SumSQ.u64 = 0; Count.u64 = 0; Min.u64 = 0; Max.u64 = 0; 
l1cache.GetSX_recv : Accumulator : SimTime = 5971580000; Rank = 0; Sum.u64 = 0; SumSQ.u64 = 0; Count.u64 = 0; Min.u64 = 0; Max.u64 = 0; 
l1cache.FlushLine_recv : Accumulator : SimTime = 5971580000; Rank = 0; Sum.u64 = 0; SumSQ.u64 = 0; Count.u64 = 0; Min.u64 = 0; Max.u64 = 0; 
l1cache.FlushLineInv_recv : Accumulator : SimTime = 5971580000; Rank = 0; Sum.u64 = 0; SumSQ.u64 = 0; Count.u64 = 0; Min.u64 = 0; Max.u64 = 0; 
l1cache.GetSResp_recv : Accumulator : SimTime = 5971580000; Rank = 0; Sum.u64 = 0; SumSQ.u64 = 0; Count.u64 = 0; Min.u64 = 0; Max.u64 = 0; 
l1cache.GetXResp_recv : Accumulator : SimTime = 5971580000; Rank = 0; Sum.u64 = 74722; SumSQ.u64 = 74722; Count.u64 = 74722; Min.u64 = 1; Max.u64 = 1; 
l1cache.FlushLineResp_recv : Accumulator : SimTime = 5971580000; Rank = 0; Sum.u64 = 0; SumSQ.u64 = 0; Count.u64 = 0; Min.u64 = 0; Max.u64 = 0; 
l1cache.Inv_recv : Accumulator : SimTime = 5971580000; Rank = 0; Sum.u64 = 0; SumSQ.u64 = 0; Count.u64 = 0; Min.u64 = 0; Max.u64 = 0; 
l1cache.ForceInv_recv : Accumulator : SimTime = 5971580000; Rank = 0; Sum.u64 = 0; SumSQ.u64 = 0; Count.u64 = 0; Min.u64 = 0; Max.u64 = 0; 
l1cache.Fetch_recv : Accumulator : SimTime = 5971580000; Rank = 0; Sum.u64 = 0; SumSQ.u64 = 0; Count.u64 = 0; Min.u64 = 0; Max.u64 = 0; 
l1cache.FetchInv_recv : Accumulator : SimTime = 5971580000; Rank = 0; Sum.u64 = 0; SumSQ.u64 = 0; Count.u64 = 0; Min.u64 = 0; Max.u64 = 0; 
l1cache.FetchInvX_recv : Accumulator : SimTime = 5971580000; Rank = 0; Sum.u64 = 0; SumSQ.u64 = 0; Count.u64 = 0; Min.u64 = 0; Max.u64 = 0; 
l1cache.NACK_recv : Accumulator : SimTime = 5971580000; Rank = 0; Sum.u64 = 0; SumSQ.u64 = 0; Count.u64 = 0; Min.u64 = 0; Max.u64 = 0; 
l1cache.AckPut_recv : Accumulator : SimTime = 5971580000; Rank = 0; Sum.u64 = 0; SumSQ.u64 = 0; Count.u64 = 0; Min.u64 = 0; Max.u64 = 0; 
l1cache.MSHR_occupancy : Accumulator : SimTime = 5971580000; Rank = 0; Sum.u64 = 6395925; SumSQ.u64 = 13255727; Count.u64 = 5971580; Min.u64 = 0; Max.u64 = 64; 
l1cache.Bank_conflicts : Accumulator : SimTime = 5971580000; Rank = 0; Sum.u64 = 2110056; SumSQ.u64 = 2110056; Count.u64 = 2110056; Min.u64 = 1; Max.u64 = 1; 
memory.requests_received_GetS : Accumulator : SimTime = 5971580000; Rank = 0; Sum.u64 = 74722; SumSQ.u64 = 74722; Count.u64 = 74722; Min.u64 = 1; Max.u64 = 1; 
memory.requests_received_GetSX : Accumulator : SimTime = 5971580000; Rank = 0; Sum.u64 = 0; SumSQ.u64 = 0; Count.u64 = 0; Min.u64 = 0; Max.u64 = 0; 
memory.requests_received_GetX : Accumulator : SimTime = 5971580000; Rank = 0; Sum.u64 = 0; SumSQ.u64 = 0; Count.u64 = 0; Min.u64 = 0; Max.u64 = 0; 
memory.requests_received_PutM : Accumulator : SimTime = 5971580000; Rank = 0; Sum.u64 = 0; SumSQ.u64 = 0; Count.u64 = 0; Min.u64 = 0; Max.u64 = 0; 
memory.outstanding_requests : Accumulator : SimTime = 5971580000; Rank = 0; Sum.u64 = 6169291; SumSQ.u64 = 10877291; Count.u64 = 5971580; Min.u64 = 0; Max.u64 = 61; 
memory.latency_GetS : Accumulator : SimTime = 5971580000; Rank = 0; Sum.u64 = 6169291; SumSQ.u64 = 509786389; Count.u64 = 74722; Min.u64 = 82; Max.u64 = 198; 
memory.latency_GetSX : Accumulator : SimTime = 5971580000; Rank = 0; Sum.u64 = 0; SumSQ.u64 = 0; Count.u64 = 0; Min.u64 = 0; Max.u64 = 0; 
memory.latency_GetX : Accumulator : SimTime = 5971580000; Rank = 0; Sum.u64 = 0; SumSQ.u64 = 0; Count.u64 = 0; Min.u64 = 0; Max.u64 = 0; 
memory.latency_PutM : Accumulator : SimTime = 5971580000; Rank = 0; Sum.u64 = 0; SumSQ.u64 = 0; Count.u64 = 0; Min.u64 = 0; Max.u64 = 0; 
memory.cycles_with_issue : Accumulator : SimTime = 5971580000; Rank = 0; Sum.u64 = 149444; SumSQ.u64 = 149444; Count.u64 = 149444; Min.u64 = 1; Max.u64 = 1; 
memory.cycles_attempted_issue_but_rejected : Accumulator : SimTime = 5971580000; Rank = 0; Sum.u64 = 0; SumSQ.u64 = 0; Count.u64 = 0; Min.u64 = 0; Max.u64 = 0; 
memory.total_cycles : Accumulator : SimTime = 5971580000; Rank = 0; Sum.u64 = 5971580; SumSQ.u64 = 35659767696400; Count.u64 = 1; Min.u64 = 5971580; Max.u64 = 5971580; 
